53146
530
27740
4320
44994
14295
51389
14648
28428
16120
26831
54482
58478
59480
3134
1559
20370
23244
11650
17696
54989
54781
11132
53591
17435
33424
13612
43454
28601
6131
52144
33297
3516
59062
7973
34416
44584
42772
2299
8701
48468
40603
19458
14575
54889
39656
41047
31917
29741
32611
58346
15983
43514
59958
16469
5288
48289
59271
21398
16753
24682
11039
16445
33333
22254
10256
59643
48488
38197
17039
28814
33053
48462
52853
50212
55367
13962
28682
36990
10948
40375
59369
13051
28056
31884
4410
11062
12770
35967
21343
21745
52384
16879
29881
48812
26476
27305
380
868
29125
56142
13516
32169
22940
28084
34751
4354
28196
14793
26434
45921
4472
6679
45104
39398
11181
30626
50307
49758
42039
38022
12725
4731
10127
37190
30828
37383
4333
58416
31117
48977
54392
53719
260
54523
23392
47719
26985
28010
9683
51590
56183
46983
22287
1450
7194
58474
15451
15926
52776
53069
47882
31520
45020
17027
25690
6350
25825
29819
26789
54736
6260
55564
14802
14169
24669
29183
47020
11613
84
15299
20623
36255
21789
18396
19144
17612
57605
51180
32189
42407
54672
31235
34336
43681
14912
16915
36563
50082
47436
13068
52743
51143
46753
6308
8196
16869
59478
57192
50131
28542
53198
46597
33475
54294
28863
56785
41691
59311
53354
39425
57280
7366
23682
54299
23674
55529
2849
21654
3255
24255
39669
48761
2729
34289
52874
39578
56732
48674
26331
47964
22868
23151
46846
55549
6785
19871
40276
41960
35334
56341
32445
18649
27478
5278
47651
11136
7514
56670
20354
39618
57397
25689
43989
58665
357
30735
18783
5302
43549
26458
3200
58496
41215
51585
54591
28221
48901
27550
26347
41880
56761
57507
33624
35667
28898
59292
36323
44175
4740
3938
50865
21855
20930
40928
23884
41892
19177
26383
56038
48058
31648
58482
33146
58328
24821
41599
45223
59566
11788
5895
3688
36575
2260
46017
37924
32644
45648
52169
44285
10232
25417
57351
27095
3712
8247
43069
45485
10397
10569
14666
27006
52707
1430
24165
13139
4187
11351
14753
52274
26168
31244
10811
29643
51677
19524
1890
28771
54682
24820
19319
49308
37109
58052
23874
59925
20617
17152
15841
55700
45696
33141
19315
51033
38775
7795
17422
39691
11607
30629
50225
35123
14352
41616
25983
21207
44667
59528
19464
30094
26820
37631
55322
13971
13925
55530
13161
26195
52632
36731
445
51126
50273
55431
47632
1373
9419
32472
31737
33525
56227
12623
18969
35774
39372
14996
6377
38903
777
40048
46268
7462
42578
19238
46
18364
23543
37568
30057
14087
44783
11912
31316
30539
36564
59000
25606
26301
30064
9481
47673
29921
1355
20034
12726
44423
55167
42318
14774
40468
41460
49364
43998
32834
48021
25426
53274
2222
50730
38397
48641
15050
33955
6120
39161
39021
4625
53424
32491
48887
10685
15284
24044
21064
59561
4198
24220
17576
46355
49497
24199
5371
36975
42676
52340
35755
57029
57274
26498
14491
10954
41617
17774
55636
43608
28770
27062
14334
18617
649
18186
19775
18381
8847
239
40544
37477
11549
9458
30953
2167
31747
43873
55728
23341
27204
32183
49169
50165
3050
