32894
31419
16306
58853
17090
20317
16875
2953
353
50111
55366
17190
8616
32931
37033
55283
45177
28753
2940
56007
26756
18696
56684
4102
17293
31711
37797
17919
20856
47914
52346
56783
38278
46995
32659
31475
9086
45075
39248
37060
45802
2101
5284
55391
16046
40050
46684
724
57227
4137
57577
19360
21160
15538
7784
11941
5619
2424
56302
43468
6200
48547
9744
46458
58058
14182
2989
34131
26675
56602
35428
13623
12151
15955
43567
46498
21969
31698
39755
50735
57171
21944
22884
23781
32848
48408
54283
43740
4381
40248
21388
14779
20119
28934
59937
9804
6163
20621
2654
10403
36433
19187
31011
30280
39980
9383
17250
53056
36328
38384
23123
36398
38243
35424
17234
24034
57673
24823
44978
21204
7454
29762
27968
42392
28455
52507
28868
40277
40115
38735
41598
24374
50474
51887
4878
29513
33003
5493
29249
35297
15370
51945
48448
48082
44668
21781
20166
57277
46092
23292
12340
43312
15923
31321
13724
42651
43396
15476
7167
44858
38698
24157
26930
9064
39918
59581
57857
44472
30063
50151
42918
56798
3910
58872
6641
54864
32328
51610
59099
31520
45542
20705
15465
9551
47790
22567
7602
30188
43056
14796
12609
11562
24235
44809
18954
50249
6725
38292
15401
53977
37259
53660
25417
37451
40317
55264
21346
3431
1969
40346
42809
51215
17984
28559
44830
46360
46246
7040
13071
1790
32405
18826
28340
11843
13717
17174
57162
24233
44485
36167
39616
10476
26344
76
3229
26733
10840
11486
7275
17394
40222
53118
28518
19481
33085
48691
39549
38296
22650
42707
25419
53599
35845
5027
11510
13045
52575
57271
15071
38803
59565
19076
33357
57742
44212
23106
14251
23868
43377
47729
40531
3335
41223
13052
47303
31571
25410
49966
13896
1412
49948
17227
53426
9960
11171
41955
53140
11089
33098
8111
41526
20171
20657
16397
14739
38925
29664
825
59823
28555
12365
51364
46778
17942
53289
29172
39580
4836
48092
28137
19410
9584
8829
28491
19295
7160
12379
45286
16074
30030
47275
31291
31024
3085
2932
57059
37950
5406
18679
15275
1555
17482
14189
58707
24781
58445
43067
41335
58486
48676
10071
13664
49089
47435
20917
17343
20018
41998
6153
50447
31855
39892
7239
35958
27351
42528
59013
23048
50260
16662
24150
38209
15512
14089
2392
43419
8861
32842
31404
26909
40522
4029
41210
38104
18875
17451
36973
39378
9859
59094
2487
36961
50124
1097
43177
56643
52053
23430
2664
35105
14777
41253
45242
47590
16754
42088
46091
31974
44286
20418
53969
4135
28777
46127
19783
44055
52438
11721
59781
21998
11615
17907
6808
28089
14442
20961
47230
42368
2718
55415
2273
52495
14661
44707
43613
7439
37394
41635
41763
37631
7180
37244
3850
8305
39677
15398
18091
29864
38931
15732
24983
16279
44502
15860
55921
39345
25500
49650
39062
52877
59269
926
20258
18086
20896
20498
43836
12754
47709
54543
13933
54724
44090
22363
58141
6353
30309
36600
13322
39926
24496
8203
30947
42218
57874
44345
42895
57125
3590
47417
6854
57187
57687
29084
38851
1156
17297
51047
34162
53973
577
35758
38755
11816
39706
4035
44909
8065
55508
26289
42523
10828
55232
7980
11092
16971
787
46928
51547
17237
21858
10986
16486
52991
47920
33522
2116
1169
17181
59416
24540
56160
37856
1618
32644
17205
15845
1351
22438
58530
54975
41347
3580
49490
37082
11851
18770
11267
47101
36469
53324
28953
32232
12
51134
32064
50281
39188
14133
12488
9784
36911
22433
42319
25479
24164
14581
13402
29736
11200
39086
49148
43112
36213
51883
49153
43253
6584
8767
44985
22765
8791
53190
38142
53311
47553
20868
30355
23927
46444
47335
775
58310
46263
223
41583
52704
57056
13681
7593
47437
55134
36075
44874
24741
28581
16590
18905
39683
11895
51965
40967
22345
59352
12386
28948
10517
47539
7262
23199
41496
390
29246
1321
31338
24314
27580
10932
49867
21730
27738
13308
3695
5442
42085
20758
57385
56413
40715
39124
52203
42068
8431
54814
51535
23931
48556
43013
40293
6834
47398
47135
23347
1623
26
13188
49489
18564
57821
10094
30964
32333
47490
53743
22197
50279
14079
14672
23334
28682
24029
57234
52380
39763
17807
41494
5139
32249
44165
37706
42021
55580
19821
42429
50681
23876
14
48084
15277
50003
49694
49636
41782
13507
2837
11680
43805
35278
53462
38779
2076
24472
46276
20691
45271
33811
17288
49753
24053
550
53135
39067
51630
24584
30216
32518
54642
55243
14534
54484
34988
1491
111
55271
53438
39979
37118
58106
35879
875
7297
11673
32485
22398
30748
40793
54050
23523
46638
32794
47649
4664
29599
59254
34295
1011
9794
16207
36287
9951
33754
46421
58772
33641
43093
9355
48187
54733
10226
19205
51285
57863
554
33183
31625
3556
28787
10160
5660
3354
22872
2993
6599
41530
22902
52876
23022
40432
37436
15677
14015
58668
47254
53241
23726
1381
11736
33617
30001
932
34510
55256
30033
17274
35742
10829
47381
25366
23312
11792
29556
36880
57293
44240
57722
20073
50148
8088
40406
27355
52872
22930
5749
37262
57055
21711
30593
13434
23641
4844
22107
16453
23752
25514
32907
40182
13851
12280
8713
13032
26645
43581
31175
40142
6130
6803
1149
50386
50798
1628
9921
24055
58284
39043
42690
48715
39959
44033
45456
10381
52410
44101
747
52802
14435
8718
23473
3214
15528
1503
48927
9005
26328
31643
3497
49491
40789
40659
19899
41187
41328
55722
2901
56993
26908
35915
16448
50833
25098
35427
36936
41109
39946
43172
39995
51523
29715
23099
23860
29856
24580
33507
7405
15497
39811
25158
51957
42350
47060
51193
54431
8867
33896
22284
32714
31887
6372
56098
11145
34050
1541
50014
45163
2934
20422
7067
20987
45507
44067
52666
50226
32341
41840
26303
19729
39921
15100
15462
31481
45091
17462
25211
28230
57057
7776
23940
46422
680
53005
2821
53951
22280
41564
19756
48309
5893
7418
28984
41796
3292
48948
38472
22141
7132
7477
10468
24563
41837
9580
23568
3867
16632
23792
51580
29887
22866
40532
965
16429
14806
18415
16481
21482
31154
41775
23504
10570
57646
53269
30586
33509
5075
11611
3991
27474
6745
44119
12783
41446
55855
19457
13043
16182
13077
26033
24535
46542
5601
59358
3790
13614
7407
626
405
45107
45187
26295
17693
2112
34569
38190
26095
5106
47739
1406
4815
23348
15385
51491
18115
13504
16826
53906
26089
37533
4778
23427
53166
18568
15535
36136
31383
44641
43090
1619
7072
45914
58749
46101
9247
20813
40202
38594
409
57314
41839
33781
59372
37828
45359
46286
54669
23535
23223
55693
51825
8367
2761
34010
5247
20703
43811
3579
51574
29063
1894
56059
35607
4734
11737
27499
6691
52781
16135
36772
25270
16809
3915
8476
55348
32634
40535
53496
8526
34114
14157
34943
41361
51351
27743
6547
8917
19095
59693
17286
50949
13441
36293
55077
47849
11356
22456
49950
59489
39901
44891
7107
19779
27763
46323
8937
27434
21049
48334
4594
13556
13382
16613
270
16514
43242
36561
59493
38707
28279
30987
15780
29375
15436
34243
32427
46707
57193
15429
40357
43272
25998
670
14886
39862
24118
33959
7788
35994
53565
27507
49967
33467
18088
46215
29860
44066
51693
53233
41301
45062
6182
49789
34435
5077
31801
9069
44914
20331
14016
19533
41026
54803
44362
23380
42847
9522
47986
667
58547
23464
14379
55432
12163
51785
7961
24236
47738
33274
51152
26938
42399
37922
54526
19549
45966
41953
7802
19523
29962
54907
28319
29848
28038
42602
27231
2632
18615
14315
128
49282
41245
9243
50345
29149
42770
44071
37333
6370
3992
8807
33776
19355
47771
32850
26698
13993
37093
31672
23467
15648
7862
15687
27802
3903
8640
20838
11546
59786
24663
2723
52039
9990
23201
46594
6109
1355
32153
32283
41939
22781
28937
48631
42591
9460
40552
8470
42542
58736
25184
10934
16645
3736
54289
19396
5425
35918
49322
21559
7885
40899
18967
12346
8401
56466
1633
21434
56273
39473
34882
34306
49802
44845
29850
34022
3043
17413
42007
49198
37036
15801
30076
49458
2054
19167
38167
7535
51697
48797
30242
31226
54250
37284
8075
3689
16270
32204
12403
7584
16542
7366
30662
14692
4537
20217
41175
43329
2843
29140
52285
17312
19336
49719
42206
41888
28930
440
4210
48876
59779
58501
34136
36377
4409
22434
12834
8292
59164
7236
11445
57936
11705
55006
36947
55990
46155
34481
2367
1966
24642
33709
10843
57461
59413
47765
489
28425
53987
21407
19026
32492
40561
4335
37155
58982
7310
43228
34012
26805
40484
42226
4740
14707
39199
38484
4517
30415
51218
52109
16123
32171
59242
55150
58905
26793
27081
59176
17171
34103
20737
23904
55989
29115
32381
20319
46920
7487
15449
53545
16568
6282
44547
51040
17403
53880
49772
33388
16596
10522
37827
1965
43608
25949
25503
51634
17464
1961
37593
34391
28983
47521
45209
26286
27647
8880
9917
33155
31399
34848
46027
54715
22801
49973
10189
22488
11076
12946
17872
22377
47748
41893
3003
35860
33493
1233
9153
58363
23419
20316
51495
8878
43614
38489
48608
28842
17242
27639
20371
32928
10113
12051
39668
1725
18677
45325
22099
5668
34600
12394
52637
43741
39212
7751
58278
54593
15166
26904
27662
43861
8179
34270
33657
11642
57636
26363
7399
19865
11461
52453
56660
43584
35151
1358
54909
55734
2132
48663
5807
11136
45790
35391
53155
52808
6899
49506
39278
2022
25255
41676
23829
9429
39929
18552
41882
3983
37125
11105
4239
31818
55541
23934
10164
18805
6059
51192
75
21672
12912
11729
27609
58095
37654
22117
54995
48984
8879
58113
26993
16800
21478
59894
15087
20840
26477
34726
14375
26094
30727
51230
35658
46473
18657
25886
56594
22129
6022
21365
9349
57612
1438
46759
38422
2003
57324
53112
34714
59149
51627
35995
15182
45273
3500
8670
31045
14283
24988
45813
44163
25720
33499
29821
45067
24732
27582
44740
27386
14126
13152
52859
37861
52267
22699
37417
30062
50233
25927
47925
17775
12655
15810
39013
2266
33062
44463
2803
58236
38873
48061
26208
17548
29817
33159
54682
36816
37011
19742
46901
35348
54322
34238
55172
46259
46354
37356
36187
40772
55259
31752
37796
24559
5353
12635
30514
52914
23367
53188
9571
11763
40478
17717
46825
1554
17705
52814
51938
51602
35223
43484
44894
38562
51060
40985
33010
9278
54413
23526
46035
55089
3451
43988
31903
42371
56001
30756
51079
58333
52019
28906
26788
20576
54468
57933
18372
5584
21692
39950
36115
3732
34631
25042
2770
24312
28835
3623
54446
56854
53949
41984
10173
43305
21393
49357
774
44831
51871
17122
11261
40878
37725
39014
20015
32675
42339
1362
27160
10421
12494
44384
24893
26664
16254
25682
12330
10434
12698
47572
26605
41146
10463
31232
39215
26301
16969
37043
39928
3149
6666
4280
12997
43353
23731
30620
22316
33198
16367
12210
12152
42121
6359
45411
54618
19627
14501
59169
40755
51833
19190
21840
31156
55616
29470
239
42937
29473
15964
54772
11230
4695
10031
53582
13640
21589
8297
2430
46853
32081
35669
55071
16115
24787
24431
38188
17833
48181
57087
19663
27975
10636
46953
35104
49324
49800
11405
11784
47980
43043
4875
41149
59104
29341
52762
41550
45114
31230
36341
43139
36365
41206
25421
58867
38031
8090
54164
52345
30785
15408
36193
22871
47244
917
57595
38635
37135
1377
55490
5361
1110
20474
1419
33017
41334
44413
19735
38174
55988
21444
30637
20721
22394
51094
4372
44383
30810
15734
13500
16497
15086
10602
24695
8868
14736
53947
33980
24185
29477
49799
25312
56908
50432
12644
4925
53679
27443
55442
33278
1104
30570
15958
51777
39896
18495
2479
21517
1889
6333
54533
42891
21655
38638
27921
919
27189
22787
32140
17986
10208
58959
44524
52751
57762
26493
29698
3232
27551
14361
19771
10038
2390
52579
23962
4258
18211
27297
23053
49166
55205
20832
1409
57411
6279
47646
30544
57895
52196
48958
17864
40525
27891
35828
45807
8950
50130
49833
24802
49135
465
9326
46968
19632
5637
38181
40736
10281
5318
9077
33848
18737
28914
13221
57642
16466
35649
57499
5086
52974
10352
58778
21977
25570
3299
54939
4237
59989
49123
24852
36674
7300
1467
32307
51325
5290
33480
55145
13290
32881
26968
14220
22465
48271
26087
37296
24024
15929
24699
14557
7168
54163
1415
12195
46655
33532
49280
7684
7928
22225
57731
20675
7466
58193
31463
15712
37323
34745
13809
15613
14732
25189
19399
51638
2858
52901
49553
50971
45042
9463
23402
40173
44037
47789
25131
1520
51849
25442
42831
14207
16751
15128
18242
42941
13677
32126
37345
5940
15644
12025
31035
56112
1812
22016
28550
37696
31037
2854
18581
23884
20532
9198
27336
46524
7994
21865
39168
29362
285
9281
37371
33970
16843
21193
9185
54626
49844
12418
10176
36960
3051
9558
46496
43083
5590
55012
58647
6880
32674
13192
32517
46765
49721
47179
16161
15567
39800
6865
56146
45718
46979
10626
40560
26062
10070
31853
4637
13649
17700
38322
27908
40448
47694
45115
45508
26293
53840
10118
27898
42803
24098
49273
16772
25633
20614
26419
16382
24916
31447
13448
42721
57520
40956
10620
32628
45735
36443
20479
28552
29576
36252
29011
52371
6154
19769
55584
34453
36155
58596
42055
16664
17636
45090
14942
1796
57953
25348
34647
19024
29182
7148
6799
23530
8190
43188
8611
43099
47792
31914
9373
7913
52242
21134
20270
34086
15821
11742
16480
4425
22624
15167
3096
4857
47463
11100
10519
58057
39832
1375
30581
16059
8762
24483
8935
23995
20448
1075
6556
18033
10503
23404
26074
28417
12329
51339
22121
33600
2575
49637
58470
17005
18070
51831
56104
42144
26612
9418
1536
41250
29801
43003
36863
30937
9398
20143
43788
22249
30869
56290
59736
57126
12748
19553
34377
5023
31693
47509
45031
53029
30405
19915
27888
21184
842
40045
26169
15988
27653
46814
31550
19572
35421
4744
2151
8350
26579
31832
59723
29219
6178
5777
57903
41188
14865
40596
17043
55122
16765
41588
40623
21915
55683
36389
12093
46291
35728
47110
31518
17824
16144
31316
35246
31607
55944
44374
6164
5482
40133
51018
5423
19155
16859
3234
12307
59357
44049
4937
6908
25237
25070
31395
1939
14725
42296
43183
52898
59886
6711
3674
54242
38540
40125
12593
59294
22712
17646
27280
12738
24606
20269
52313
27877
57092
31908
14093
20652
40009
30768
36358
228
28267
32450
29739
44461
42157
55572
55940
30841
59426
7667
43938
7954
49058
28250
30400
8281
5717
12819
21282
28394
34030
4148
7976
21079
40977
8513
45051
58738
12480
29931
11713
16026
11514
12856
30177
3124
21762
42013
13950
3206
36015
13149
22962
25332
53624
13617
43696
2542
29245
51278
42978
53285
50268
34275
3192
42760
40508
38858
52801
4455
47703
5419
52783
19462
37759
32981
41184
4439
22060
14338
3145
42546
43872
17481
47181
18536
58688
31246
6997
9125
51868
21245
1900
17765
52700
19557
48488
19841
43471
17637
38655
25457
48849
1019
16917
54600
56820
58838
40419
6006
29684
26163
31990
9703
9301
32513
51184
37601
38514
2074
27772
12010
43821
39746
8188
10862
29171
56868
45488
13479
3609
2231
23950
32595
6289
50893
6577
5282
35008
18058
10396
29168
39203
56473
6720
28845
56384
49885
5801
22411
7016
8077
54941
52136
50508
12830
15262
47545
18095
20590
51966
18004
13485
52570
58342
51569
31378
15442
9669
19678
50993
59750
15056
52764
2205
29048
40308
43857
35799
21742
2805
2862
35434
613
26340
13005
55476
17092
15421
34758
13269
40411
15922
1839
56890
50953
32095
32693
1197
3614
7695
6360
9989
36454
9021
4324
23033
28727
18512
6485
48469
15657
45516
21900
30694
32255
2466
14564
21222
30537
51861
8615
2118
41952
13883
19866
14141
58878
5817
18101
20072
46838
41851
27383
2069
12419
29411
31431
37805
19542
23195
6944
10420
16957
21432
30709
17239
23031
924
40463
45337
32968
14431
21533
30672
52614
12974
11318
44997
7785
8877
46271
46347
17713
54088
40334
28523
34278
35435
41850
42513
44200
57257
13975
46290
52497
35307
24
29440
4688
7563
42855
44642
48956
29230
57654
20097
29001
46306
14492
31927
10061
28878
28568
51912
29250
40939
1178
23761
454
18365
50109
5326
6802
25521
38701
338
9808
25839
30958
15953
942
58303
3159
31282
15877
8975
31050
15627
5878
56586
58770
10623
10314
11268
51904
39765
10900
4307
54940
43475
51626
53129
26435
15678
5522
12261
42607
37514
38983
45572
31094
21229
5162
29401
50540
29439
11782
55979
40231
42568
58167
3218
40076
43207
23067
43508
29139
25870
58724
25157
47413
20598
37023
21919
47296
37849
30423
21653
42752
16311
5080
21847
12981
59813
20925
3634
51565
17972
43827
1992
12079
42096
45120
44992
27685
49239
32561
5502
45708
52208
38893
52352
26049
34704
32863
26078
16667
18686
54455
15765
22274
36609
49605
22476
39704
47753
45316
39317
51722
53009
24304
7274
38453
24914
16619
8573
58359
26541
24918
6345
52680
57285
59278
27477
24534
55972
58841
12603
43174
46452
26223
15870
49834
335
43964
11465
28681
28569
12048
49514
53026
31264
27143
55952
7326
25924
4605
32124
15418
44619
15005
691
16265
45867
46678
49970
23605
57322
43519
1349
59189
12244
38466
41282
3435
54147
3618
58090
19855
49841
3195
29178
58918
11217
13811
50096
59810
51214
21125
10277
41293
1994
50539
31924
31263
13568
28603
29745
7122
22808
4322
55581
53144
4497
46238
493
44400
33920
15366
46151
4003
44976
5920
26616
772
53732
12801
7161
2878
317
45583
44100
25257
57036
24614
8665
33465
40997
33173
31148
363
35386
51972
9846
54748
41174
22276
4761
31192
48449
23291
49119
51669
31638
16380
23100
7511
27036
20609
43414
43738
41144
17072
47766
57307
36885
23903
4379
59154
50824
18784
21872
29708
59345
29492
9788
26561
54041
46126
28912
3640
6169
30075
1403
35131
58762
33706
39754
57825
4746
43723
15772
43883
50363
18410
53234
1107
11354
34245
9812
16172
48605
19066
6089
9458
18944
22048
50297
43387
2175
6684
37053
37737
13606
23976
17150
30286
16589
33256
59721
6772
59101
2549
44020
43716
52893
47609
18203
40613
44822
17546
8873
9141
57418
40336
43144
44054
12479
20291
33994
28745
33192
8345
45587
21526
45746
32466
20973
53938
27306
45049
58131
28202
28991
290
23309
25289
26608
33569
11229
4724
42643
26418
9978
55520
3526
10394
4693
8534
42111
58031
50044
42687
33004
43953
13737
19238
32932
38548
18297
38691
22544
57137
41103
46736
56265
18817
19209
57269
23529
9763
58060
45514
41890
21876
46170
45009
7846
26623
2232
9649
59856
4214
8728
18195
41323
53895
22220
23826
7492
4920
42425
14512
28438
54631
14828
54214
43769
49508
27535
39826
55336
58472
30134
10023
31743
7198
14863
39054
24465
13816
9408
48756
39185
26628
9491
16478
15170
10676
29336
45943
11120
28121
58007
58477
13848
24210
52467
52289
6661
31494
32529
6998
15420
51748
1962
49529
1490
26670
40476
30893
116
50821
54001
50254
35760
29983
25968
3667
50620
58169
13207
51130
21882
37031
1606
51555
23515
18267
22109
28691
41322
57379
11702
8734
12429
15890
26878
22641
11761
17412
10122
4207
22412
44031
52938
6139
44725
23678
34033
36504
3672
43127
12562
28009
15482
40099
57465
5042
57533
3995
32562
30629
49608
2107
42662
50155
56269
45662
32805
56390
16570
10470
7962
9913
30874
26607
1607
46110
1318
7406
4674
39943
12508
17341
751
30717
23983
45955
41997
7397
24610
58999
51110
56443
43678
8328
41332
46407
39155
43657
10229
8598
2905
35965
7228
27727
7603
33670
56822
207
15798
11208
5038
28640
9947
34532
58544
45764
9152
3346
58327
54702
38481
17435
7451
13369
43649
34386
38537
17359
5899
30825
41249
36313
13972
53191
27404
56386
6349
30968
46789
22156
22725
15900
53121
33919
11020
54304
44886
30812
13728
26931
37348
54265
19194
18324
20209
38447
19083
21027
9093
29200
22217
33371
53033
19089
8590
11090
59281
27428
51613
50889
38122
17529
15904
6723
3529
9508
30574
6679
30932
25288
33933
26988
56786
58851
14066
53291
29952
9395
55635
42612
29478
33475
39134
22571
19434
3595
14764
24954
19175
40092
31958
56274
3060
19584
41474
1881
9758
50264
50100
25769
24066
35136
12256
40144
45792
23015
30259
30720
17904
7746
21646
46949
8553
30206
35722
25060
12306
1898
35528
43201
8797
59089
58460
4015
48885
40646
5932
52278
47832
15575
949
36547
15510
45585
18650
2988
49661
54554
43190
28776
35208
55059
56425
1915
36868
58494
18595
43974
17576
49652
32426
41148
44601
7124
40720
54678
44382
17600
3328
24728
37486
21018
3785
6785
36308
26550
13127
34727
56327
10093
46520
34121
57632
10697
2867
764
20136
19630
31869
32530
3825
43610
39798
49004
23061
998
42998
7935
11749
45175
31217
727
8806
19918
18501
9750
44949
10194
58529
6231
10426
5741
46258
58814
19946
5923
57549
41811
32971
45036
24134
41229
6441
26313
21662
13055
2975
27457
35663
2224
29466
22168
46954
49102
19344
3904
49231
54367
25880
12075
21925
37998
30078
31637
31763
18882
4417
13979
29504
14622
53728
49495
8093
57509
281
4182
47846
21849
52717
27317
59473
27047
32050
45834
17460
8076
16068
22057
1056
15358
44844
59630
51709
46569
5804
54176
34117
48477
27753
58349
40806
46637
47117
33375
51286
25379
39057
33584
34371
28111
17589
1815
10787
467
39115
28578
53686
1079
29037
18671
32370
38449
37292
42174
59539
20616
11643
57437
30534
31983
32438
16248
11057
19316
18326
27255
52292
29788
58923
18865
44151
53147
39536
32244
46803
15680
55121
50943
14952
58744
39463
24456
48188
45941
26321
43736
3013
58078
3477
39143
12334
38748
14063
25473
3808
23945
21128
12611
11226
42466
55333
31374
7815
32870
21262
18918
52317
25622
38274
24557
23591
31041
15651
4585
35163
35138
29690
44618
38652
18130
24627
9912
20810
41055
59524
30740
26252
30139
20751
51737
33710
22384
50836
42624
15251
47971
32762
44445
14873
22707
54159
2134
33181
9290
38815
21620
50291
53037
38519
36002
59067
42186
2123
32917
35415
32225
56850
17241
27470
6525
46257
5815
18667
11672
21758
43407
53089
27046
2978
6606
47557
44441
19862
20266
2692
25533
46489
34384
28961
5516
44924
41129
53720
42279
22746
8026
46592
24968
9561
30213
23693
52272
7813
50858
51540
44539
2607
50930
36584
11839
31866
16996
43439
35548
32115
59075
2681
31238
12364
36214
7807
36687
28554
24859
47786
27912
31862
9029
20725
25236
6594
58842
22285
36230
14226
40953
7428
25686
50132
11483
8180
56271
40857
44076
31742
57797
57163
44466
21852
57939
45303
20774
31067
45136
24516
4586
22970
8453
55512
3743
14887
57308
21508
5343
35739
58213
5426
4377
22569
28255
36514
57149
39254
5057
15306
50444
52475
1629
51222
18354
10758
29654
46667
44225
49335
15419
56541
59425
46860
37379
36319
21703
18322
32054
1266
6444
3303
52466
45253
37360
54738
34239
49793
36061
30723
15835
5554
38049
2902
51504
45203
9421
35062
8136
27861
1642
58674
19804
22058
53145
42552
34023
41972
38153
52009
56142
59353
4859
54404
49185
58196
44608
6472
17648
20079
44929
18801
42510
39300
26107
42835
41913
30231
59846
39197
37818
49535
4357
57589
3201
20377
19265
59878
10554
38281
3117
58346
18803
29949
618
43467
34041
27689
24417
20261
14155
44947
3523
53242
55908
20597
29271
53821
7258
20338
4276
58396
11991
14560
46837
49589
16756
51553
13164
38609
40832
20411
39224
46601
39373
19250
6621
2292
30676
44423
45013
31594
42359
53023
4311
58245
43180
44355
49305
38235
47072
26804
43106
44738
48901
48358
52917
42451
37539
38011
28706
37021
42031
38891
23479
36470
40592
39534
37109
32705
47361
424
35641
50810
50336
49443
49115
13916
37421
8028
40918
11160
19577
24575
53716
19570
1196
50779
44550
6965
59880
51082
53199
47328
3115
44999
26518
39828
45292
21099
15756
39474
49242
1314
45470
32098
30605
12733
39655
8474
46724
9275
355
54053
28173
5650
1762
37184
1325
37252
59955
49252
54964
13533
26258
35243
42370
9060
46984
40943
34127
37443
53402
8354
38949
8144
29104
36448
34583
44415
50775
3475
9338
4464
58199
44273
28676
55097
29747
29714
50087
55070
59073
49809
15896
15901
34787
44114
15507
35909
3498
21347
44934
43314
49382
4915
51277
23082
23547
13090
1028
43781
8485
9737
42686
13385
36411
31710
58984
30834
19878
5734
51180
6851
22200
37604
54243
44597
5164
34550
50230
7431
78
38179
23557
38738
10201
8155
21942
14919
12739
8163
32742
29880
8394
12374
3718
35038
58785
42240
32101
26717
20944
25579
6751
40705
4700
20456
24086
9407
45725
41182
36774
57935
45296
45176
51689
39803
31336
48783
48625
9948
29158
53926
53859
54919
29187
16156
5935
53872
6073
53165
50868
41870
24383
57339
777
18996
29717
33698
7334
2856
18822
9195
3111
5832
18164
26527
41139
28709
27554
8326
38999
4215
33054
59913
56324
54594
30517
20756
53641
50954
46374
32394
18928
12932
51806
54745
16887
55781
47502
15174
32415
14045
51537
33929
39889
39973
58726
27252
22697
19975
19939
22661
25825
36585
3169
13141
1444
50007
44001
23191
47631
53622
55629
35876
42145
9172
6082
22213
45133
4610
56310
41284
36104
42533
21595
13947
44808
42987
37081
59976
21320
49045
24654
46491
3494
39723
55171
35685
55793
30381
21005
15968
11874
43700
36828
37937
36603
49542
48361
18044
6021
32296
26009
40961
11312
31843
13908
25902
43894
53678
44884
19942
31033
55167
59318
25617
3089
42284
59106
32527
54518
43934
6275
16045
32219
20524
45487
49298
40163
25133
22515
15023
22963
55297
42716
2428
13789
20651
16261
30519
56263
35425
3140
2816
9212
34613
19240
46776
51062
25434
5394
36246
33482
33722
41717
23938
15487
5427
5681
13384
30831
24085
10701
19116
34752
18655
52169
29787
25333
35303
15825
3566
40132
10861
38782
46272
51805
25725
34791
34945
45127
27528
7633
15643
59051
36975
8273
52172
31829
37460
14639
26766
19883
32856
13521
5614
56538
881
57247
30343
52508
43585
35982
52905
23911
32018
7037
38671
13074
42745
49263
48437
48781
18758
49569
47399
17333
53176
53249
4591
27309
26952
17097
57751
43255
1726
30167
4432
46409
58467
6862
13636
14784
44651
26522
14321
35836
35682
37578
2588
14347
1127
7307
21105
54690
6699
20767
14875
51296
16093
49451
22164
32158
22243
896
17238
34104
48591
33346
47074
2563
58435
1651
2020
2747
46402
17752
55403
1418
15813
28333
34792
13775
50033
19555
1926
2689
8290
21236
54153
3034
22431
34670
33948
41492
28791
46005
12586
25806
50538
24272
23655
15899
5400
44060
22908
25981
49507
18816
18387
4354
36736
46790
33082
45787
17278
9892
55241
43368
40103
16726
28140
28027
32602
7892
40566
21786
52327
48893
46226
255
13687
41860
4162
38025
46661
52577
41793
59197
10922
6465
59511
16396
41709
51633
11822
20066
30950
17711
586
31295
27954
45340
9579
50938
10523
23966
59166
38075
372
24091
17703
14418
58659
8815
54532
10834
43282
7965
10123
13845
42228
49003
580
8138
22945
15940
2395
39870
36047
43057
32549
51197
13652
10211
27354
36400
48304
24111
27786
32948
32965
31700
6581
23645
3699
31968
35385
50607
57060
4715
27422
41394
31251
59681
15611
12422
1537
18087
37476
19044
32007
41798
28830
25677
9886
39879
30957
57695
24039
47384
876
3122
59247
9455
35316
15944
29937
49430
25309
14432
49660
9634
56046
10646
25967
748
49485
2058
27661
22444
16576
5607
59586
23600
42717
10749
20685
13318
5990
41646
58147
33351
46936
39058
2177
58519
35168
54032
56574
36963
28638
37871
9928
31668
52660
34799
29173
8943
50395
58847
49246
20747
36852
47634
21968
57439
20773
14132
29388
33875
21111
34581
36263
42402
33322
34084
10619
23328
35199
5064
6582
14547
45672
24752
32023
2065
19582
27736
33496
39170
38201
39499
47395
46600
24545
4773
52740
55472
57376
9501
8801
44946
21199
38895
29584
19605
34894
45937
5793
58392
31910
48080
11023
53784
39101
2332
36482
18894
257
20518
59765
20640
47092
22010
15076
45003
55398
47744
25176
1076
31333
17763
5422
26209
36912
57146
7787
6442
19500
37010
39029
42623
5113
42346
5835
46148
44293
43115
43880
22023
5751
57545
22819
58845
14419
54034
40569
4867
4183
44346
1270
29244
52315
9342
44759
41795
37059
8630
25221
54217
41047
5287
15008
33090
31441
53218
5556
2923
53803
23490
56489
10043
50454
58713
33130
13400
26339
33923
4087
11284
20717
20905
17555
41403
23371
41085
56487
57326
36555
58781
45342
25198
50217
1397
44510
42473
39486
46822
55792
27673
48317
29442
27613
26955
2453
15144
13344
58018
17968
39808
54062
14397
59466
34883
57393
37893
11264
57021
15503
39271
35713
45384
33301
25811
1053
13197
35217
50145
55559
4476
42109
54427
53898
27370
31140
20911
812
39383
55987
17512
46784
8639
9759
38037
41134
39411
37205
56659
54944
331
48274
1102
15178
51072
27779
37325
26267
46551
22178
3596
32724
13357
41485
28755
6598
55692
35917
6813
18008
13958
30101
515
12760
10103
49810
22269
32491
16790
20157
43064
58764
51664
48088
19318
9347
49593
6434
32572
30563
31535
39421
44082
57928
9160
21198
39472
59895
45942
11028
54448
28556
21165
29142
53557
48359
26071
13450
10425
25735
16518
13991
10106
19030
36387
51754
28725
22298
35821
28717
47900
43685
23349
53491
43522
46562
45519
47069
36895
15376
26364
41140
29604
34301
859
23273
40032
35526
19307
9712
51985
5700
18128
58640
54595
12332
50144
4093
25318
38195
37773
2239
12976
36523
55684
11369
37581
38288
40926
59121
2968
19877
35795
35660
25834
2782
2383
18405
17158
58817
18867
43333
11045
4223
19662
15844
58469
21909
18908
51119
7937
50773
54656
9178
56377
54637
17059
52712
31329
55869
7657
14897
14297
12758
53758
24145
4031
8073
57406
58538
39180
9420
48567
19255
20837
9950
22439
29545
20221
57995
25119
38074
14055
19959
22752
57569
31488
16442
57898
24199
49334
41267
53091
32719
42505
39710
39608
54883
52320
54704
5163
45412
43568
4241
29110
3535
2769
58752
28081
6469
20560
49052
58279
14654
30562
55085
21591
40431
17310
46806
24981
39382
34139
22745
23764
563
55911
28977
58709
24261
35577
52408
28833
9995
399
28297
49825
56803
52159
52611
28843
36986
22521
32356
51713
41686
44348
9605
11989
16834
40671
23393
2370
10482
15403
12827
18718
21017
12598
44931
26302
15748
14607
4056
16290
29348
35353
7154
52121
34537
37686
28324
19067
25412
39482
36861
35340
24035
19952
7476
57605
55968
51262
21167
20511
58575
44955
12004
44939
38313
32293
39590
33046
34735
24941
23007
36279
1370
47021
54666
3883
39166
9322
58698
48964
35464
56203
11922
31946
36040
42832
40758
29929
38863
34040
32712
26544
44272
27310
20642
36371
20665
31473
31639
32369
25109
27185
34345
48559
27429
16977
19810
8757
26398
52682
30929
14362
41159
42724
49107
5597
34115
10525
30792
47066
2220
7129
1059
1999
55042
4197
39438
25534
50001
7000
55630
39241
11827
23702
7914
11945
26228
49558
17878
43623
23991
11653
15524
42801
36839
31820
34370
30285
18913
22470
55217
24274
58005
6407
14096
6786
6198
39021
40379
9699
21988
19679
16780
10560
21875
1203
4411
41617
31090
14659
44977
5805
32600
41358
50638
6680
24840
43947
10798
36812
12996
9367
13633
27951
28357
29055
24348
47479
927
30222
41030
39715
29490
30438
