14801
3193
23770
55611
42422
1016
24777
59400
18085
46527
49738
47032
25900
46018
10525
45181
54004
19192
15850
28747
53532
26288
43545
57597
53964
32377
9692
51356
53687
54756
3207
4960
54898
32132
52747
52454
36106
27097
16963
32311
31226
33250
49721
38503
2894
21956
11370
49952
35562
33545
3656
9242
31821
30101
22401
23446
29305
12409
53573
17895
7292
36889
18798
27212
45914
34677
43027
45133
51831
37792
34084
34504
41213
16926
50918
2853
47432
50979
53341
17127
17925
54025
15529
40663
13217
31189
12677
57460
26392
55520
1332
28395
26239
32736
26467
18922
214
46337
18982
31709
24981
32225
32692
26979
48988
37400
52660
49546
3886
33207
55413
32190
40388
26759
8575
50111
7626
7713
53381
58506
16608
58088
17338
14954
45146
47847
14718
10201
24483
32521
46546
23874
19236
107
52904
57278
54254
27300
41429
58447
54017
59259
9074
55065
20990
40841
40116
43507
39914
46015
55594
4611
49805
54239
39531
20858
20357
20840
23780
47585
17391
22525
24955
52953
29409
53234
21551
46499
31541
34994
4302
18347
4925
38692
40293
9791
37863
59709
6279
13118
45786
18685
56473
7190
2965
1486
7085
34838
25416
48694
45480
23706
20579
22306
30082
27613
14528
31765
52072
17384
20958
48788
31450
45859
13614
57647
29325
7914
31351
30511
18884
50207
23100
43261
46633
22564
36920
12597
13514
26796
4176
53287
13256
38403
59524
1424
17756
23533
4677
3602
58117
48826
14607
9593
59036
1164
34871
41280
33452
33443
48422
12601
34308
23771
58516
24652
32025
9862
16428
6348
55867
16618
45824
59796
9061
14981
25327
59611
48492
43857
14068
9917
7173
18398
33904
40530
13145
57571
44025
6976
33143
10394
32719
12615
45139
13369
27124
11282
9261
56498
6037
24901
28376
37089
49435
57108
21628
41902
51239
53168
29777
10796
45554
48167
32307
13515
27106
25779
45519
56271
18719
49338
38698
28751
18748
16161
54576
16970
17356
47869
31756
41333
4240
16556
59318
6511
36017
13129
18877
28559
40439
9175
31884
36413
7959
33765
18515
40733
32654
43030
664
38703
15442
54472
10590
47456
49450
1339
44225
23111
50050
58033
12462
54303
54463
46857
41537
12778
24282
11713
12981
34716
51706
56535
42187
27481
29257
36604
41931
47150
14316
30098
20457
26707
35643
30131
15879
40432
59744
29248
51435
11740
35199
4969
9066
16679
53513
34511
10403
30846
31824
58133
10108
16523
6697
23481
13652
59444
46456
14437
8358
6480
34857
33610
44810
36625
36432
11378
44423
49918
29813
58639
30604
808
2130
52509
48290
43041
27735
18638
53297
45007
47940
44387
44856
32407
21019
58041
9019
11799
19267
18097
19691
6527
300
45885
53739
13781
39918
38455
37831
39753
39629
15414
26889
38512
18135
53577
4728
28522
30814
41660
34641
40977
59927
47851
53025
44981
35217
16829
3701
49739
35629
2906
18954
32349
37871
51327
11093
22010
19427
28279
30277
17887
16466
51479
30113
53539
45760
29830
57799
50779
6490
29057
49814
28275
26207
44478
16622
10811
31455
18697
35462
10417
28564
37337
31680
40190
48942
42197
11313
42373
28029
9940
4956
19349
49415
50635
41017
985
24826
28339
31609
32346
55567
5082
5697
26483
38138
20474
53097
33104
35092
16682
36272
37511
14456
48249
16579
30142
9456
55192
55896
28236
30284
19545
18932
47087
20934
49398
26647
32822
41858
8552
29699
54178
29379
5467
8634
12741
2762
58295
12038
42263
56980
1282
36385
42808
51962
15259
16626
15536
15791
42282
39182
13698
42396
8084
3149
52877
11923
59869
8185
44079
36316
18395
40840
37415
26975
10559
6261
38279
38082
50890
7975
58588
49109
13844
22694
53792
46114
18627
11788
9021
21892
48269
39885
29158
39973
44133
38679
50313
24692
51785
42545
57083
52629
55214
16663
4010
53972
8148
50148
7187
52553
2464
34034
1053
46799
1758
7998
1982
23538
15563
56869
36653
58694
1410
35976
26072
30914
32175
56862
34377
36073
13423
2642
31881
31445
53089
584
2020
39419
56816
51413
10281
32483
56640
59431
45375
23081
35781
5955
32907
7023
3772
8474
55725
6534
56046
1541
58702
19503
41010
58684
4567
16409
12912
40991
38106
34529
35869
53726
39279
58834
11848
27431
25659
14180
15649
36782
33313
19270
50211
37978
35751
41327
20674
58957
59661
5040
587
28952
4660
50480
56208
20843
52828
38319
55149
42617
10414
21701
18822
8725
1534
52034
31181
33664
26434
53645
51685
30059
35466
47905
55798
54420
43629
11352
2889
24182
34757
34938
47205
38563
9322
30170
10170
32442
16368
58158
40009
8246
16202
52506
47000
24349
46249
1599
1148
51708
11733
19294
53282
43023
39446
35638
7481
4477
12725
1167
38135
1524
46871
17321
6060
9335
16156
43312
52218
38641
2985
44171
24072
16597
8269
59484
22636
23758
44948
14468
42659
58340
30383
4891
7000
43493
53356
45440
58962
40327
1294
9582
44527
51983
16480
23615
25054
25055
43602
23713
37433
30233
50324
44212
4895
26262
57457
34614
24073
11693
44263
22230
53374
42960
55960
8036
17988
48888
49464
6211
38208
42727
37396
29243
49463
621
47976
1777
39779
44696
33350
31595
20661
9698
37481
8468
13498
48470
33538
5651
46687
59451
52630
3485
55540
45652
37460
47450
44374
12054
31512
29756
15592
27215
24206
40496
34258
12682
31183
51022
49452
2092
4192
59928
13589
15281
58853
21240
3191
28539
32615
43860
52651
40538
4670
6454
7730
9472
8814
7555
49970
863
51489
14323
5295
37729
59667
33330
53759
9893
19712
42542
31877
3079
46118
25738
27828
4848
3408
40715
21703
43569
3410
51674
59538
26105
23512
29857
25706
24861
42714
38091
18271
39123
37339
2311
22720
43311
41857
20111
55956
14011
51338
41781
27944
5874
59759
39445
4926
25177
16138
18063
37404
10116
50091
49673
59715
26234
5742
21287
57198
51925
33565
56101
36361
50440
20057
15641
19655
27948
48505
43758
38089
38893
55593
24514
56266
43679
42685
45715
40039
39309
18737
17632
56845
49069
1217
25389
51198
16551
25295
51420
3071
15583
20543
42230
18593
38851
36691
57373
38234
45770
2780
13221
11928
55743
32027
58667
39529
51973
47455
30957
45124
53850
13865
41436
20555
2962
1189
56663
29464
19174
19609
51423
27980
46941
26847
8414
44731
44554
48379
22572
51124
16875
55639
27084
53015
16652
14450
